1.146
1.571
1.358
0.833
0.957
0.719
0.738
1.447
1.048
1.594
0.786
1.642
0.917
0.764
0.887
1.410
1.392
0.775
1.294
1.325
0.982
0.780
0.791
1.549
1.279
1.864
1.170
0.853
1.341
2.000
0.940
1.467
1.264
1.058
1.528
1.222
0.724
1.158
1.618
0.809
0.728
1.429
1.209
1.068
1.236
1.134
1.019
0.948
1.803
1.038
0.748
1.100
1.009
1.964
0.803
1.486
0.797
1.196
0.821
1.183
1.719
1.000
1.833
1.667
0.965
0.859
0.846
0.894
1.122
0.932
1.250
0.733
1.930
0.714
1.692
0.873
0.909
0.924
0.759
1.310
0.743
1.897
1.507
0.880
0.991
0.815
0.902
1.375
0.973
1.774
1.111
1.089
1.078
1.028
0.866
0.827
0.769
1.746
0.840
0.753
