0.00175631 0.0799706
0.00594762 0.0809179
0.0115351 0.0822203
0.0150145 0.0835817
0.0177985 0.0846471
0.021282 0.0858309
0.0233583 0.0871329
0.0268418 0.0883168
0.0310234 0.0896782
0.034507 0.0908621
0.0422164 0.0915139
0.0492223 0.0922248
0.0569303 0.0929357
0.0632422 0.0932915
0.0730778 0.0931152
0.0801127 0.0925834
0.0871421 0.0922884
0.0941715 0.0919934
0.10191 0.0914026
0.106841 0.0907523
0.111071 0.0900427
0.118818 0.0890969
0.123048 0.0883873
0.12798 0.0876779
0.131508 0.0869682
0.135033 0.0863769
0.138558 0.0857856
0.141383 0.0851351
0.146315 0.0844256
0.149841 0.0837751
0.154069 0.0831839
0.160408 0.0823563
0.165339 0.081706
0.169565 0.0811739
0.173795 0.0804644
0.178726 0.0798141
0.182952 0.079282
0.187178 0.07875
0.19281 0.0781589
0.197737 0.0776861
0.203367 0.0771542
0.211103 0.0766818
0.21954 0.0762686
0.227972 0.0760329
0.238511 0.0757975
0.249049 0.0756212
0.25607 0.0756812
0.263794 0.0757413
0.273624 0.0758016
0.282749 0.0759802
0.292573 0.0762772
0.300291 0.076574
0.309412 0.0769301
0.317829 0.0773453
0.324142 0.0776419
0.333266 0.0778797
0.340988 0.0779989
0.350814 0.0782368
0.360638 0.0785338
0.373975 0.0787721
0.384505 0.0789508
0.395737 0.0791297
0.409777 0.0793088
0.42382 0.0794289
0.432245 0.079489
0.444183 0.0794904
0.45261 0.0794914
0.465956 0.0793747
0.478599 0.0792578
0.487731 0.0791406
0.497561 0.0792009
