0.000220161 8.10512e-05
0.00153405 8.08936e-05
0.00337339 8.05782e-05
0.00508063 7.96321e-05
0.00731298 7.82129e-05
0.0082311 7.6636e-05
0.0108563 7.39553e-05
0.0126932 7.14323e-05
0.0145301 6.89093e-05
0.0157098 6.62286e-05
0.0179398 6.26018e-05
0.019776 5.94481e-05
0.0216112 5.53482e-05
0.0237092 5.12484e-05
0.02607 4.71485e-05
0.0269873 4.47832e-05
0.0284289 4.13141e-05
0.0307896 3.70565e-05
0.0323625 3.34297e-05
0.0343301 3.0276e-05
0.0356414 2.7753e-05
0.0377405 2.45992e-05
0.0394456 2.17608e-05
0.0415455 1.93955e-05
0.0429893 1.78187e-05
0.0439084 1.71879e-05
0.0453529 1.62418e-05
0.0473229 1.52957e-05
0.0495563 1.48226e-05
0.0532367 1.57687e-05
0.0553404 1.68725e-05
0.0574446 1.84494e-05
0.0587604 2.00263e-05
0.0608653 2.22339e-05
0.0632341 2.53876e-05
0.0649458 2.85414e-05
0.066262 3.04336e-05
0.0674472 3.27989e-05
0.0691591 3.61104e-05
0.0706082 3.94218e-05
0.0723206 4.32063e-05
0.0739001 4.55716e-05
0.0744276 4.73062e-05
0.0757444 4.98292e-05
0.0778518 5.42444e-05
0.0795644 5.81866e-05
0.0818024 6.19711e-05
0.0829882 6.48095e-05
0.0841731 6.68594e-05
0.0860155 6.93824e-05
0.0870687 7.1117e-05
0.0894374 7.42707e-05
0.0919374 7.72668e-05
0.0941734 7.9159e-05
0.0961459 8.04205e-05
0.0982487 8.07359e-05
0.099563 8.08936e-05
