0.146
0.140
0.158
0.111
0.138
0.135
3.345
0.224
0.168
0.102
0.155
0.149
0.112
0.531
0.917
0.631
0.481
0.104
0.348
0.136
0.123
0.246
5.000
0.840
0.315
0.252
0.160
0.776
0.153
0.117
0.144
0.109
0.266
0.194
1.439
0.505
0.240
0.128
0.337
0.174
0.220
1.678
0.107
0.229
0.100
0.177
1.008
0.288
0.125
0.120
0.198
0.133
0.361
0.215
0.105
0.210
0.721
2.012
0.151
0.126
0.106
0.119
0.388
0.180
0.101
0.113
0.306
2.513
0.191
0.187
0.171
0.459
0.166
1.120
0.326
0.103
0.163
0.594
0.116
0.673
0.142
0.206
0.273
0.439
0.202
0.297
0.184
0.404
0.110
1.260
0.259
0.129
0.561
0.280
0.115
0.131
0.235
0.374
0.122
0.421
