0.000121378 0.000110696
0.00248876 0.00010975
0.00446124 0.000108647
0.00577599 0.0001077
0.00788004 0.000106597
0.0091941 0.00010502
0.0109013 0.000102024
0.0119512 9.95007e-05
0.0132635 9.63469e-05
0.0151011 9.2247e-05
0.0162809 8.81472e-05
0.0173299 8.48357e-05
0.0182471 8.13666e-05
0.0190335 7.85283e-05
0.0199511 7.53745e-05
0.0207354 7.06439e-05
0.021521 6.71748e-05
0.022306 6.30749e-05
0.0232215 5.80289e-05
0.0240065 5.3929e-05
0.0242655 5.01445e-05
0.0250515 4.69908e-05
0.0259657 4.06833e-05
0.0264868 3.59527e-05
0.0271398 3.15375e-05
0.0276605 2.63338e-05
0.0281804 2.04993e-05
0.028701 1.52957e-05
0.0292202 8.83049e-06
0.0297408 3.62681e-06
0.0298684 0
0.0330261 -1.57687e-07
0.0360525 -1.57687e-07
0.0397368 0
0.0448684 0
0.05 0
0.0557891 -3.15375e-07
0.0597365 -3.15375e-07
0.0639474 0
0.0667105 0
0.0693419 -1.57687e-07
0.07 0
0.0702658 2.36531e-06
0.0707967 6.62286e-06
0.0710647 1.10381e-05
0.0713326 1.52957e-05
0.0718635 1.95532e-05
0.0723937 2.30223e-05
0.072792 2.63338e-05
0.0730595 3.0276e-05
0.0735895 3.35874e-05
0.0738552 3.59527e-05
0.0741218 3.91064e-05
0.0746518 4.24179e-05
0.0751819 4.5887e-05
0.0755804 4.93561e-05
0.0759786 5.25099e-05
0.0767729 5.69251e-05
0.0774343 6.00788e-05
0.0779644 6.3548e-05
0.0783619 6.6071e-05
0.0791554 6.96978e-05
0.0799488 7.33246e-05
0.0807426 7.72668e-05
0.0820629 8.13666e-05
0.0827241 8.43627e-05
0.0835172 8.76741e-05
0.0849685 9.13009e-05
0.0860243 9.41393e-05
0.0876077 9.82392e-05
0.0891903 0.000101551
0.0906406 0.000104231
0.0922216 0.000106124
0.0938023 0.0001077
0.0956454 0.000108647
0.0972254 0.000109593
0.0988052 0.000110381
0.0999898 0.000110696
